60s1temperature>>>>>>>>>>>>>>>>>>>>>>.  
mse:348.89601282867363, mae:14.622153339767248, rmse:18.678758332091395,mape:0.11798780339977293,mspe:0.022253283811903276,rse:0.7324154700638247, corr:0.1655051543058974360ceiling temperature>>>>>>>>>>>>>>>>>>>>>>.  
mse:7113.337457935613, mae:65.59560409043043, rmse:84.3406038509069,mape:0.13749972522365292,mspe:0.03326058360324371,rse:1.1386084967693848, corr:0.14667926157928438

60new >> senior2_temperature>>>>>>>>>>>>>>>>>>>>>>.  
mse:526.1065857692453, mae:17.075867303470087, rmse:22.93701344485034,mape:0.061144597700655993,mspe:0.007480618909399253,rse:0.42823085040926323, corr:0.13675482040164283
