60s1temperature>>>>>>>>>>>>>>>>>>>>>>.  
mse:367.85271918687005, mae:14.300278952056042, rmse:19.17948693752964,mape:0.11635871332212055,mspe:0.023332434191059383,rse:0.7767352799491228, corr:0.1517702640444031660ceiling temperature>>>>>>>>>>>>>>>>>>>>>>.  
mse:6382.10101342784, mae:62.99831204406639, rmse:79.88805300811781,mape:0.12647646654036004,mspe:0.026145669009432597,rse:0.8553300666702245, corr:0.1385722697381237

60new >> senior2_temperature>>>>>>>>>>>>>>>>>>>>>>.  
mse:699.479654533096, mae:20.227060903078282, rmse:26.447677677503105,mape:0.07035337458860834,mspe:0.008694012964954603,rse:0.46989095398810454, corr:0.1272424404702378
